# Made in Blockbench 4.6.4
mtllib zombieobject6.mtl

o hat
v 0.28125 1.9248582405647516 0.05918385369321477
v 0.28125 1.90032233517175 -0.5027807709465801
v 0.28125 1.362893615924956 0.0837197590862162
v 0.28125 1.3383577105319546 -0.47824486555357876
v -0.28125 1.90032233517175 -0.5027807709465801
v -0.28125 1.9248582405647516 0.05918385369321477
v -0.28125 1.3383577105319546 -0.47824486555357876
v -0.28125 1.362893615924956 0.0837197590862162
vt 0.625 0.75
vt 0.75 0.75
vt 0.75 0.5
vt 0.625 0.5
vt 0.5 0.75
vt 0.625 0.75
vt 0.625 0.5
vt 0.5 0.5
vt 0.875 0.75
vt 1 0.75
vt 1 0.5
vt 0.875 0.5
vt 0.75 0.75
vt 0.875 0.75
vt 0.875 0.5
vt 0.75 0.5
vt 0.75 0.75
vt 0.625 0.75
vt 0.625 1
vt 0.75 1
vt 0.875 1
vt 0.75 1
vt 0.75 0.75
vt 0.875 0.75
vn 0 -0.04361938736533578 -0.9990482215818579
vn 1 0 0
vn 0 0.04361938736533578 0.9990482215818579
vn -1 0 0
vn 0 0.9990482215818579 -0.04361938736533578
vn 0 -0.9990482215818579 0.04361938736533578
usemtl m_381d1dfc-ddb9-0366-aa7e-073b07c15d13
f 4/4/1 7/3/1 5/2/1 2/1/1
f 3/8/2 4/7/2 2/6/2 1/5/2
f 8/12/3 3/11/3 1/10/3 6/9/3
f 7/16/4 8/15/4 6/14/4 5/13/4
f 6/20/5 1/19/5 2/18/5 5/17/5
f 7/24/6 4/23/6 3/22/6 8/21/6
o head
v 0.25 1.8922748777851517 0.029326702623948542
v 0.25 1.8704651841024837 -0.47019740816698025
v 0.25 1.3927507669942223 0.05113639630661648
v 0.25 1.3709410733115546 -0.4483877144843123
v -0.25 1.8704651841024837 -0.47019740816698025
v -0.25 1.8922748777851517 0.029326702623948542
v -0.25 1.3709410733115546 -0.4483877144843123
v -0.25 1.3927507669942223 0.05113639630661648
vt 0.125 0.75
vt 0.25 0.75
vt 0.25 0.5
vt 0.125 0.5
vt 0 0.75
vt 0.125 0.75
vt 0.125 0.5
vt 0 0.5
vt 0.375 0.75
vt 0.5 0.75
vt 0.5 0.5
vt 0.375 0.5
vt 0.25 0.75
vt 0.375 0.75
vt 0.375 0.5
vt 0.25 0.5
vt 0.25 0.75
vt 0.125 0.75
vt 0.125 1
vt 0.25 1
vt 0.375 1
vt 0.25 1
vt 0.25 0.75
vt 0.375 0.75
vn 0 -0.04361938736533578 -0.9990482215818579
vn 1 0 0
vn 0 0.04361938736533578 0.9990482215818579
vn -1 0 0
vn 0 0.9990482215818579 -0.04361938736533578
vn 0 -0.9990482215818579 0.04361938736533578
usemtl m_381d1dfc-ddb9-0366-aa7e-073b07c15d13
f 12/28/7 15/27/7 13/26/7 10/25/7
f 11/32/8 12/31/8 10/30/8 9/29/8
f 16/36/9 11/35/9 9/34/9 14/33/9
f 15/40/10 16/39/10 14/38/10 13/37/10
f 14/44/11 9/43/11 10/42/11 13/41/11
f 15/48/12 12/47/12 11/46/12 16/45/12
o rightArm
v 0.5 1.314792329421085 -0.24497676547048108
v 0.5 1.513130664493894 -0.3971671227226613
v 0.5 0.8582212576645445 -0.8399917706889075
v 0.5 1.0565595927373532 -0.9921821279410876
v 0.25 1.513130664493894 -0.3971671227226613
v 0.25 1.314792329421085 -0.24497676547048108
v 0.25 1.0565595927373532 -0.9921821279410876
v 0.25 0.8582212576645445 -0.8399917706889075
vt 0.6875 0.375
vt 0.75 0.375
vt 0.75 0
vt 0.6875 0
vt 0.625 0.375
vt 0.6875 0.375
vt 0.6875 0
vt 0.625 0
vt 0.8125 0.375
vt 0.875 0.375
vt 0.875 0
vt 0.8125 0
vt 0.75 0.375
vt 0.8125 0.375
vt 0.8125 0
vt 0.75 0
vt 0.75 0.375
vt 0.6875 0.375
vt 0.6875 0.5
vt 0.75 0.5
vt 0.8125 0.5
vt 0.75 0.5
vt 0.75 0.375
vt 0.8125 0.375
vn 0 0.7933533402912352 -0.6087614290087207
vn 1 0 0
vn 0 -0.7933533402912352 0.6087614290087207
vn -1 0 0
vn 0 0.6087614290087207 0.7933533402912352
vn 0 -0.6087614290087207 -0.7933533402912352
usemtl m_381d1dfc-ddb9-0366-aa7e-073b07c15d13
f 20/52/13 23/51/13 21/50/13 18/49/13
f 19/56/14 20/55/14 18/54/14 17/53/14
f 24/60/15 19/59/15 17/58/15 22/57/15
f 23/64/16 24/63/16 22/62/16 21/61/16
f 22/68/17 17/67/17 18/66/17 21/65/17
f 23/72/18 20/71/18 19/70/18 24/69/18
o leftArm
v -0.25 1.5760952945157012 -0.28131905492782394
v -0.25 1.1459129672524164 -0.8956830881445679
v -0.25 1.371307283443453 -0.13792494584006249
v -0.25 0.9411249561801684 -0.7522889790568064
v -0.5 1.1459129672524164 -0.8956830881445679
v -0.5 1.5760952945157012 -0.28131905492782394
v -0.5 0.9411249561801684 -0.7522889790568064
v -0.5 1.371307283443453 -0.13792494584006249
vt 0.875 0.125
vt 0.8125 0.125
vt 0.8125 0
vt 0.875 0
vt 1.0625 0.125
vt 0.875 0.125
vt 0.875 0
vt 1.0625 0
vt 1.125 0.125
vt 1.0625 0.125
vt 1.0625 0
vt 1.125 0
vt 0.8125 0.125
vt 0.625 0.125
vt 0.625 0
vt 0.8125 0
vt 0.8125 0.125
vt 0.875 0.125
vt 0.875 0.5
vt 0.8125 0.5
vt 0.875 0.5
vt 0.9375 0.5
vt 0.9375 0.125
vt 0.875 0.125
vn 0 -0.573576436351046 -0.8191520442889919
vn 1 0 0
vn 0 0.573576436351046 0.8191520442889919
vn -1 0 0
vn 0 0.8191520442889919 -0.573576436351046
vn 0 -0.8191520442889919 0.573576436351046
usemtl m_381d1dfc-ddb9-0366-aa7e-073b07c15d13
f 28/76/19 31/75/19 29/74/19 26/73/19
f 27/80/20 28/79/20 26/78/20 25/77/20
f 32/84/21 27/83/21 25/82/21 30/81/21
f 31/88/22 32/87/22 30/86/22 29/85/22
f 30/92/23 25/91/23 26/90/23 29/89/23
f 31/96/24 28/95/24 27/94/24 32/93/24
o rightLeg
v 0.24375000000000002 0.789064277176295 0.09891953927251729
v 0.24375000000000002 0.778159430334961 -0.15084251612294713
v 0.24375000000000002 0.03977811098990158 0.1316340797965192
v 0.24375000000000002 0.028873264148567612 -0.11812797559894517
v -0.006249999999999978 0.778159430334961 -0.15084251612294713
v -0.006249999999999978 0.789064277176295 0.09891953927251729
v -0.006249999999999978 0.028873264148567612 -0.11812797559894517
v -0.006249999999999978 0.03977811098990158 0.1316340797965192
vt 0.0625 0.375
vt 0.125 0.375
vt 0.125 0
vt 0.0625 0
vt 0 0.375
vt 0.0625 0.375
vt 0.0625 0
vt 0 0
vt 0.1875 0.375
vt 0.25 0.375
vt 0.25 0
vt 0.1875 0
vt 0.125 0.375
vt 0.1875 0.375
vt 0.1875 0
vt 0.125 0
vt 0.125 0.375
vt 0.0625 0.375
vt 0.0625 0.5
vt 0.125 0.5
vt 0.1875 0.5
vt 0.125 0.5
vt 0.125 0.375
vt 0.1875 0.375
vn 0 -0.04361938736533599 -0.9990482215818578
vn 1 0 0
vn 0 0.04361938736533599 0.9990482215818578
vn -1 0 0
vn 0 0.9990482215818578 -0.04361938736533599
vn 0 -0.9990482215818578 0.04361938736533599
usemtl m_381d1dfc-ddb9-0366-aa7e-073b07c15d13
f 36/100/25 39/99/25 37/98/25 34/97/25
f 35/104/26 36/103/26 34/102/26 33/101/26
f 40/108/27 35/107/27 33/106/27 38/105/27
f 39/112/28 40/111/28 38/110/28 37/109/28
f 38/116/29 33/115/29 34/114/29 37/113/29
f 39/120/30 36/119/30 35/118/30 40/117/30
o leftLeg
v 0.006249999999999978 0.7927525179157084 0.11746157759823861
v 0.006249999999999978 0.7072474820842913 -0.11746157759823855
v 0.006249999999999978 0.08798305232627712 0.37397668509249005
v 0.006249999999999978 0.0024780164948600136 0.13905352989601294
v -0.24375000000000002 0.7072474820842913 -0.11746157759823855
v -0.24375000000000002 0.7927525179157084 0.11746157759823861
v -0.24375000000000002 0.0024780164948600136 0.13905352989601294
v -0.24375000000000002 0.08798305232627712 0.37397668509249005
vt 0.125 0.375
vt 0.0625 0.375
vt 0.0625 0
vt 0.125 0
vt 0.1875 0.375
vt 0.125 0.375
vt 0.125 0
vt 0.1875 0
vt 0.25 0.375
vt 0.1875 0.375
vt 0.1875 0
vt 0.25 0
vt 0.0625 0.375
vt 0 0.375
vt 0 0
vt 0.0625 0
vt 0.0625 0.375
vt 0.125 0.375
vt 0.125 0.5
vt 0.0625 0.5
vt 0.125 0.5
vt 0.1875 0.5
vt 0.1875 0.375
vt 0.125 0.375
vn 0 -0.34202014332566866 -0.9396926207859084
vn 1 0 0
vn 0 0.34202014332566866 0.9396926207859084
vn -1 0 0
vn 0 0.9396926207859084 -0.34202014332566866
vn 0 -0.9396926207859084 0.34202014332566866
usemtl m_381d1dfc-ddb9-0366-aa7e-073b07c15d13
f 44/124/31 47/123/31 45/122/31 42/121/31
f 43/128/32 44/127/32 42/126/32 41/125/32
f 48/132/33 43/131/33 41/130/33 46/129/33
f 47/136/34 48/135/34 46/134/34 45/133/34
f 46/140/35 41/139/35 42/138/35 45/137/35
f 47/144/36 44/143/36 43/142/36 48/141/36
o body
v 0.25 1.4975219835051399 -0.13905352989601294
v 0.25 1.4120169476737225 -0.37397668509249
v 0.25 0.7927525179157084 0.11746157759823861
v 0.25 0.7072474820842913 -0.11746157759823855
v -0.25 1.4120169476737225 -0.37397668509249
v -0.25 1.4975219835051399 -0.13905352989601294
v -0.25 0.7072474820842913 -0.11746157759823855
v -0.25 0.7927525179157084 0.11746157759823861
vt 0.3125 0.375
vt 0.4375 0.375
vt 0.4375 0
vt 0.3125 0
vt 0.25 0.375
vt 0.3125 0.375
vt 0.3125 0
vt 0.25 0
vt 0.5 0.375
vt 0.625 0.375
vt 0.625 0
vt 0.5 0
vt 0.4375 0.375
vt 0.5 0.375
vt 0.5 0
vt 0.4375 0
vt 0.4375 0.375
vt 0.3125 0.375
vt 0.3125 0.5
vt 0.4375 0.5
vt 0.5625 0.5
vt 0.4375 0.5
vt 0.4375 0.375
vt 0.5625 0.375
vn 0 -0.34202014332566866 -0.9396926207859084
vn 1 0 0
vn 0 0.34202014332566866 0.9396926207859084
vn -1 0 0
vn 0 0.9396926207859084 -0.34202014332566866
vn 0 -0.9396926207859084 0.34202014332566866
usemtl m_381d1dfc-ddb9-0366-aa7e-073b07c15d13
f 52/148/37 55/147/37 53/146/37 50/145/37
f 51/152/38 52/151/38 50/150/38 49/149/38
f 56/156/39 51/155/39 49/154/39 54/153/39
f 55/160/40 56/159/40 54/158/40 53/157/40
f 54/164/41 49/163/41 50/162/41 53/161/41
f 55/168/42 52/167/42 51/166/42 56/165/42