# Made in Blockbench 4.6.4
mtllib sheep_2.mtl

o body
v 0.25 1.1250000000000002 -0.5
v 0.25 0.75 -0.5000000000000001
v 0.25 1.125 0.5
v 0.25 0.75 0.4999999999999999
v -0.25 0.75 -0.5000000000000001
v -0.25 1.1250000000000002 -0.5
v -0.25 0.75 0.4999999999999999
v -0.25 1.125 0.5
vt 0.53125 0.78125
vt 0.65625 0.78125
vt 0.65625 0.53125
vt 0.53125 0.53125
vt 0.4375 0.78125
vt 0.53125 0.78125
vt 0.53125 0.53125
vt 0.4375 0.53125
vt 0.75 0.78125
vt 0.875 0.78125
vt 0.875 0.53125
vt 0.75 0.53125
vt 0.65625 0.78125
vt 0.75 0.78125
vt 0.75 0.53125
vt 0.65625 0.53125
vt 0.65625 0.78125
vt 0.53125 0.78125
vt 0.53125 0.875
vt 0.65625 0.875
vt 0.78125 0.875
vt 0.65625 0.875
vt 0.65625 0.78125
vt 0.78125 0.78125
vn 0 -1 -2.220446049250313e-16
vn 1 0 0
vn 0 1 2.220446049250313e-16
vn -1 0 0
vn 0 2.220446049250313e-16 -1
vn 0 -2.220446049250313e-16 1
usemtl m_7786639c-355e-0cfc-87ef-fa09f6b95845
f 4/4/1 7/3/1 5/2/1 2/1/1
f 3/8/2 4/7/2 2/6/2 1/5/2
f 8/12/3 3/11/3 1/10/3 6/9/3
f 7/16/4 8/15/4 6/14/4 5/13/4
f 6/20/5 1/19/5 2/18/5 5/17/5
f 7/24/6 4/23/6 3/22/6 8/21/6
o body
v 0.359375 1.2343750000000002 -0.609375
v 0.359375 0.640625 -0.6093750000000001
v 0.359375 1.234375 0.609375
v 0.359375 0.640625 0.609375
v -0.359375 0.640625 -0.6093750000000001
v -0.359375 1.2343750000000002 -0.609375
v -0.359375 0.640625 0.609375
v -0.359375 1.234375 0.609375
vt 0.53125 0.28125
vt 0.65625 0.28125
vt 0.65625 0.03125
vt 0.53125 0.03125
vt 0.4375 0.28125
vt 0.53125 0.28125
vt 0.53125 0.03125
vt 0.4375 0.03125
vt 0.75 0.28125
vt 0.875 0.28125
vt 0.875 0.03125
vt 0.75 0.03125
vt 0.65625 0.28125
vt 0.75 0.28125
vt 0.75 0.03125
vt 0.65625 0.03125
vt 0.65625 0.28125
vt 0.53125 0.28125
vt 0.53125 0.375
vt 0.65625 0.375
vt 0.78125 0.375
vt 0.65625 0.375
vt 0.65625 0.28125
vt 0.78125 0.28125
vn 0 -1 -2.220446049250313e-16
vn 1 0 0
vn 0 1 2.220446049250313e-16
vn -1 0 0
vn 0 2.220446049250313e-16 -1
vn 0 -2.220446049250313e-16 1
usemtl m_7786639c-355e-0cfc-87ef-fa09f6b95845
f 12/28/7 15/27/7 13/26/7 10/25/7
f 11/32/8 12/31/8 10/30/8 9/29/8
f 16/36/9 11/35/9 9/34/9 14/33/9
f 15/40/10 16/39/10 14/38/10 13/37/10
f 14/44/11 9/43/11 10/42/11 13/41/11
f 15/48/12 12/47/12 11/46/12 16/45/12
o leg0
v 0.3125 0.6783029454561191 0.5398940055361239
v 0.3125 0.8216970545438809 0.335105994463876
v 0.3125 0.06393891223937542 0.10971167827283945
v 0.3125 0.20733302132713693 -0.09507633279940852
v 0.0625 0.8216970545438809 0.335105994463876
v 0.0625 0.6783029454561191 0.5398940055361239
v 0.0625 0.20733302132713693 -0.09507633279940852
v 0.0625 0.06393891223937542 0.10971167827283945
vt 0.0625 0.6875
vt 0.125 0.6875
vt 0.125 0.5
vt 0.0625 0.5
vt 0 0.6875
vt 0.0625 0.6875
vt 0.0625 0.5
vt 0 0.5
vt 0.1875 0.6875
vt 0.25 0.6875
vt 0.25 0.5
vt 0.1875 0.5
vt 0.125 0.6875
vt 0.1875 0.6875
vt 0.1875 0.5
vt 0.125 0.5
vt 0.125 0.6875
vt 0.0625 0.6875
vt 0.0625 0.75
vt 0.125 0.75
vt 0.1875 0.75
vt 0.125 0.75
vt 0.125 0.6875
vt 0.1875 0.6875
vn 0 0.573576436351046 -0.8191520442889918
vn 1 0 0
vn 0 -0.573576436351046 0.8191520442889918
vn -1 0 0
vn 0 0.8191520442889918 0.573576436351046
vn 0 -0.8191520442889918 -0.573576436351046
usemtl m_7786639c-355e-0cfc-87ef-fa09f6b95845
f 20/52/13 23/51/13 21/50/13 18/49/13
f 19/56/14 20/55/14 18/54/14 17/53/14
f 24/60/15 19/59/15 17/58/15 22/57/15
f 23/64/16 24/63/16 22/62/16 21/61/16
f 22/68/17 17/67/17 18/66/17 21/65/17
f 23/72/18 20/71/18 19/70/18 24/69/18
o leg0
v 0.34375 0.6859771832041801 0.5834167705561253
v 0.34375 0.8652198195638818 0.32743175671581526
v 0.34375 0.3275981638277462 0.3324770796525425
v 0.34375 0.506840800187448 0.07649206581223256
v 0.03125 0.8652198195638818 0.32743175671581526
v 0.03125 0.6859771832041801 0.5834167705561253
v 0.03125 0.506840800187448 0.07649206581223256
v 0.03125 0.3275981638277462 0.3324770796525425
vt 0.0625 0.1875
vt 0.125 0.1875
vt 0.125 0.09375
vt 0.0625 0.09375
vt 0 0.1875
vt 0.0625 0.1875
vt 0.0625 0.09375
vt 0 0.09375
vt 0.1875 0.1875
vt 0.25 0.1875
vt 0.25 0.09375
vt 0.1875 0.09375
vt 0.125 0.1875
vt 0.1875 0.1875
vt 0.1875 0.09375
vt 0.125 0.09375
vt 0.125 0.1875
vt 0.0625 0.1875
vt 0.0625 0.25
vt 0.125 0.25
vt 0.1875 0.25
vt 0.125 0.25
vt 0.125 0.1875
vt 0.1875 0.1875
vn 0 0.573576436351046 -0.8191520442889918
vn 1 0 0
vn 0 -0.573576436351046 0.8191520442889918
vn -1 0 0
vn 0 0.8191520442889918 0.573576436351046
vn 0 -0.8191520442889918 -0.573576436351046
usemtl m_7786639c-355e-0cfc-87ef-fa09f6b95845
f 28/76/19 31/75/19 29/74/19 26/73/19
f 27/80/20 28/79/20 26/78/20 25/77/20
f 32/84/21 27/83/21 25/82/21 30/81/21
f 31/88/22 32/87/22 30/86/22 29/85/22
f 30/92/23 25/91/23 26/90/23 29/89/23
f 31/96/24 28/95/24 27/94/24 32/93/24
o leg1
v -0.0625 0.8125 0.5457531754730547
v -0.0625 0.6875 0.3292468245269451
v -0.0625 0.162980947161671 0.9207531754730547
v -0.0625 0.037980947161671 0.7042468245269451
v -0.3125 0.6875 0.3292468245269451
v -0.3125 0.8125 0.5457531754730547
v -0.3125 0.037980947161671 0.7042468245269451
v -0.3125 0.162980947161671 0.9207531754730547
vt 0.0625 0.6875
vt 0.125 0.6875
vt 0.125 0.5
vt 0.0625 0.5
vt 0 0.6875
vt 0.0625 0.6875
vt 0.0625 0.5
vt 0 0.5
vt 0.1875 0.6875
vt 0.25 0.6875
vt 0.25 0.5
vt 0.1875 0.5
vt 0.125 0.6875
vt 0.1875 0.6875
vt 0.1875 0.5
vt 0.125 0.5
vt 0.125 0.6875
vt 0.0625 0.6875
vt 0.0625 0.75
vt 0.125 0.75
vt 0.1875 0.75
vt 0.125 0.75
vt 0.125 0.6875
vt 0.1875 0.6875
vn 0 -0.49999999999999994 -0.8660254037844387
vn 1 0 0
vn 0 0.49999999999999994 0.8660254037844387
vn -1 0 0
vn 0 0.8660254037844387 -0.49999999999999994
vn 0 -0.8660254037844387 0.49999999999999994
usemtl m_7786639c-355e-0cfc-87ef-fa09f6b95845
f 36/100/25 39/99/25 37/98/25 34/97/25
f 35/104/26 36/103/26 34/102/26 33/101/26
f 40/108/27 35/107/27 33/106/27 38/105/27
f 39/112/28 40/111/28 38/110/28 37/109/28
f 38/116/29 33/115/29 34/114/29 37/113/29
f 39/120/30 36/119/30 35/118/30 40/117/30
o leg1
v -0.03125 0.8551882938682638 0.5571914693413187
v -0.03125 0.6989382938682638 0.2865585306586814
v -0.03125 0.4763021797125717 0.7759414693413185
v -0.03125 0.3200521797125718 0.5053085306586813
v -0.34375 0.6989382938682638 0.2865585306586814
v -0.34375 0.8551882938682638 0.5571914693413187
v -0.34375 0.3200521797125718 0.5053085306586813
v -0.34375 0.4763021797125717 0.7759414693413185
vt 0.0625 0.1875
vt 0.125 0.1875
vt 0.125 0.09375
vt 0.0625 0.09375
vt 0 0.1875
vt 0.0625 0.1875
vt 0.0625 0.09375
vt 0 0.09375
vt 0.1875 0.1875
vt 0.25 0.1875
vt 0.25 0.09375
vt 0.1875 0.09375
vt 0.125 0.1875
vt 0.1875 0.1875
vt 0.1875 0.09375
vt 0.125 0.09375
vt 0.125 0.1875
vt 0.0625 0.1875
vt 0.0625 0.25
vt 0.125 0.25
vt 0.1875 0.25
vt 0.125 0.25
vt 0.125 0.1875
vt 0.1875 0.1875
vn 0 -0.49999999999999994 -0.8660254037844387
vn 1 0 0
vn 0 0.49999999999999994 0.8660254037844387
vn -1 0 0
vn 0 0.8660254037844387 -0.49999999999999994
vn 0 -0.8660254037844387 0.49999999999999994
usemtl m_7786639c-355e-0cfc-87ef-fa09f6b95845
f 44/124/31 47/123/31 45/122/31 42/121/31
f 43/128/32 44/127/32 42/126/32 41/125/32
f 48/132/33 43/131/33 41/130/33 46/129/33
f 47/136/34 48/135/34 46/134/34 45/133/34
f 46/140/35 41/139/35 42/138/35 45/137/35
f 47/144/36 44/143/36 43/142/36 48/141/36
o leg2
v 0.3125 0.682837548956647 -0.20707606927338928
v 0.3125 0.817162451043353 -0.4179239307266107
v 0.3125 0.050293964596982765 -0.6100507755335072
v 0.3125 0.18461886668368876 -0.8208986369867286
v 0.0625 0.817162451043353 -0.4179239307266107
v 0.0625 0.682837548956647 -0.20707606927338928
v 0.0625 0.18461886668368876 -0.8208986369867286
v 0.0625 0.050293964596982765 -0.6100507755335072
vt 0.0625 0.6875
vt 0.125 0.6875
vt 0.125 0.5
vt 0.0625 0.5
vt 0 0.6875
vt 0.0625 0.6875
vt 0.0625 0.5
vt 0 0.5
vt 0.1875 0.6875
vt 0.25 0.6875
vt 0.25 0.5
vt 0.1875 0.5
vt 0.125 0.6875
vt 0.1875 0.6875
vt 0.1875 0.5
vt 0.125 0.5
vt 0.125 0.6875
vt 0.0625 0.6875
vt 0.0625 0.75
vt 0.125 0.75
vt 0.1875 0.75
vt 0.125 0.75
vt 0.125 0.6875
vt 0.1875 0.6875
vn 0 0.5372996083468238 -0.8433914458128857
vn 1 0 0
vn 0 -0.5372996083468238 0.8433914458128857
vn -1 0 0
vn 0 0.8433914458128857 0.5372996083468238
vn 0 -0.8433914458128857 -0.5372996083468238
usemtl m_7786639c-355e-0cfc-87ef-fa09f6b95845
f 52/148/37 55/147/37 53/146/37 50/145/37
f 51/152/38 52/151/38 50/150/38 49/149/38
f 56/156/39 51/155/39 49/154/39 54/153/39
f 55/160/40 56/159/40 54/158/40 53/157/40
f 54/164/41 49/163/41 50/162/41 53/161/41
f 55/168/42 52/167/42 51/166/42 56/165/42
o leg2
v 0.34375 0.6924029188774614 -0.16392947383089834
v 0.34375 0.8603090464858438 -0.42748930064742513
v 0.34375 0.323419161334324 -0.39899805248263376
v 0.34375 0.49132528894270644 -0.6625578792991605
v 0.03125 0.8603090464858438 -0.42748930064742513
v 0.03125 0.6924029188774614 -0.16392947383089834
v 0.03125 0.49132528894270644 -0.6625578792991605
v 0.03125 0.323419161334324 -0.39899805248263376
vt 0.0625 0.1875
vt 0.125 0.1875
vt 0.125 0.09375
vt 0.0625 0.09375
vt 0 0.1875
vt 0.0625 0.1875
vt 0.0625 0.09375
vt 0 0.09375
vt 0.1875 0.1875
vt 0.25 0.1875
vt 0.25 0.09375
vt 0.1875 0.09375
vt 0.125 0.1875
vt 0.1875 0.1875
vt 0.1875 0.09375
vt 0.125 0.09375
vt 0.125 0.1875
vt 0.0625 0.1875
vt 0.0625 0.25
vt 0.125 0.25
vt 0.1875 0.25
vt 0.125 0.25
vt 0.125 0.1875
vt 0.1875 0.1875
vn 0 0.5372996083468238 -0.8433914458128857
vn 1 0 0
vn 0 -0.5372996083468238 0.8433914458128857
vn -1 0 0
vn 0 0.8433914458128857 0.5372996083468238
vn 0 -0.8433914458128857 -0.5372996083468238
usemtl m_7786639c-355e-0cfc-87ef-fa09f6b95845
f 60/172/43 63/171/43 61/170/43 58/169/43
f 59/176/44 60/175/44 58/174/44 57/173/44
f 64/180/45 59/179/45 57/178/45 62/177/45
f 63/184/46 64/183/46 62/182/46 61/181/46
f 62/188/47 57/187/47 58/186/47 61/185/47
f 63/192/48 60/191/48 59/190/48 64/189/48
o leg3
v -0.0625 0.7978354290456362 -0.19701505843608913
v -0.0625 0.7021645709543636 -0.42798494156391087
v -0.0625 0.1049257796621712 0.08999751583772819
v -0.0625 0.0092549215708988 -0.1409723672900935
v -0.3125 0.7021645709543636 -0.42798494156391087
v -0.3125 0.7978354290456362 -0.19701505843608913
v -0.3125 0.0092549215708988 -0.1409723672900935
v -0.3125 0.1049257796621712 0.08999751583772819
vt 0.0625 0.6875
vt 0.125 0.6875
vt 0.125 0.5
vt 0.0625 0.5
vt 0 0.6875
vt 0.0625 0.6875
vt 0.0625 0.5
vt 0 0.5
vt 0.1875 0.6875
vt 0.25 0.6875
vt 0.25 0.5
vt 0.1875 0.5
vt 0.125 0.6875
vt 0.1875 0.6875
vt 0.1875 0.5
vt 0.125 0.5
vt 0.125 0.6875
vt 0.0625 0.6875
vt 0.0625 0.75
vt 0.125 0.75
vt 0.1875 0.75
vt 0.125 0.75
vt 0.125 0.6875
vt 0.1875 0.6875
vn 0 -0.3826834323650897 -0.9238795325112867
vn 1 0 0
vn 0 0.3826834323650897 0.9238795325112867
vn -1 0 0
vn 0 0.9238795325112867 -0.3826834323650897
vn 0 -0.9238795325112867 0.3826834323650897
usemtl m_7786639c-355e-0cfc-87ef-fa09f6b95845
f 68/196/49 71/195/49 69/194/49 66/193/49
f 67/200/50 68/199/50 66/198/50 65/197/50
f 72/204/51 67/203/51 65/202/51 70/201/51
f 71/208/52 72/207/52 70/206/52 69/205/52
f 70/212/53 65/211/53 66/210/53 69/209/53
f 71/216/54 68/215/54 67/214/54 72/213/54
o leg3
v -0.03125 0.838665521698023 -0.1801026803065205
v -0.03125 0.7190769490839326 -0.46881503421629767
v -0.03125 0.4344682262243351 -0.012678678646793728
v -0.03125 0.3148796536102445 -0.30139103255657085
v -0.34375 0.7190769490839326 -0.46881503421629767
v -0.34375 0.838665521698023 -0.1801026803065205
v -0.34375 0.3148796536102445 -0.30139103255657085
v -0.34375 0.4344682262243351 -0.012678678646793728
vt 0.0625 0.1875
vt 0.125 0.1875
vt 0.125 0.09375
vt 0.0625 0.09375
vt 0 0.1875
vt 0.0625 0.1875
vt 0.0625 0.09375
vt 0 0.09375
vt 0.1875 0.1875
vt 0.25 0.1875
vt 0.25 0.09375
vt 0.1875 0.09375
vt 0.125 0.1875
vt 0.1875 0.1875
vt 0.1875 0.09375
vt 0.125 0.09375
vt 0.125 0.1875
vt 0.0625 0.1875
vt 0.0625 0.25
vt 0.125 0.25
vt 0.1875 0.25
vt 0.125 0.25
vt 0.125 0.1875
vt 0.1875 0.1875
vn 0 -0.3826834323650897 -0.9238795325112867
vn 1 0 0
vn 0 0.3826834323650897 0.9238795325112867
vn -1 0 0
vn 0 0.9238795325112867 -0.3826834323650897
vn 0 -0.9238795325112867 0.3826834323650897
usemtl m_7786639c-355e-0cfc-87ef-fa09f6b95845
f 76/220/55 79/219/55 77/218/55 74/217/55
f 75/224/56 76/223/56 74/222/56 73/221/56
f 80/228/57 75/227/57 73/226/57 78/225/57
f 79/232/58 80/231/58 78/230/58 77/229/58
f 78/236/59 73/235/59 74/234/59 77/233/59
f 79/240/60 76/239/60 75/238/60 80/237/60
o head
v 0.1875 1.375 -0.375
v 0.1875 1.375 -0.875
v 0.1875 1 -0.375
v 0.1875 1 -0.875
v -0.1875 1.375 -0.875
v -0.1875 1.375 -0.375
v -0.1875 1 -0.875
v -0.1875 1 -0.375
vt 0.125 0.875
vt 0.21875 0.875
vt 0.21875 0.78125
vt 0.125 0.78125
vt 0 0.875
vt 0.125 0.875
vt 0.125 0.78125
vt 0 0.78125
vt 0.34375 0.875
vt 0.4375 0.875
vt 0.4375 0.78125
vt 0.34375 0.78125
vt 0.21875 0.875
vt 0.34375 0.875
vt 0.34375 0.78125
vt 0.21875 0.78125
vt 0.21875 0.875
vt 0.125 0.875
vt 0.125 1
vt 0.21875 1
vt 0.3125 1
vt 0.21875 1
vt 0.21875 0.875
vt 0.3125 0.875
vn 0 0 -1
vn 1 0 0
vn 0 0 1
vn -1 0 0
vn 0 1 0
vn 0 -1 0
usemtl m_7786639c-355e-0cfc-87ef-fa09f6b95845
f 84/244/61 87/243/61 85/242/61 82/241/61
f 83/248/62 84/247/62 82/246/62 81/245/62
f 88/252/63 83/251/63 81/250/63 86/249/63
f 87/256/64 88/255/64 86/254/64 85/253/64
f 86/260/65 81/259/65 82/258/65 85/257/65
f 87/264/66 84/263/66 83/262/66 88/261/66
o head
v 0.22499999999999998 1.4125 -0.3375
v 0.22499999999999998 1.4125 -0.7875
v 0.22499999999999998 0.9624999999999999 -0.3375
v 0.22499999999999998 0.9624999999999999 -0.7875
v -0.22499999999999998 1.4125 -0.7875
v -0.22499999999999998 1.4125 -0.3375
v -0.22499999999999998 0.9624999999999999 -0.7875
v -0.22499999999999998 0.9624999999999999 -0.3375
vt 0.09375 0.40625
vt 0.1875 0.40625
vt 0.1875 0.3125
vt 0.09375 0.3125
vt 0 0.40625
vt 0.09375 0.40625
vt 0.09375 0.3125
vt 0 0.3125
vt 0.28125 0.40625
vt 0.375 0.40625
vt 0.375 0.3125
vt 0.28125 0.3125
vt 0.1875 0.40625
vt 0.28125 0.40625
vt 0.28125 0.3125
vt 0.1875 0.3125
vt 0.1875 0.40625
vt 0.09375 0.40625
vt 0.09375 0.5
vt 0.1875 0.5
vt 0.28125 0.5
vt 0.1875 0.5
vt 0.1875 0.40625
vt 0.28125 0.40625
vn 0 0 -1
vn 1 0 0
vn 0 0 1
vn -1 0 0
vn 0 1 0
vn 0 -1 0
usemtl m_7786639c-355e-0cfc-87ef-fa09f6b95845
f 92/268/67 95/267/67 93/266/67 90/265/67
f 91/272/68 92/271/68 90/270/68 89/269/68
f 96/276/69 91/275/69 89/274/69 94/273/69
f 95/280/70 96/279/70 94/278/70 93/277/70
f 94/284/71 89/283/71 90/282/71 93/281/71
f 95/288/72 92/287/72 91/286/72 96/285/72