# Made in Blockbench 4.6.4
mtllib drowned_3.mtl

o body
v 0.25 1.5 0.125
v 0.25 1.5 -0.125
v 0.25 0.75 0.125
v 0.25 0.75 -0.125
v -0.25 1.5 -0.125
v -0.25 1.5 0.125
v -0.25 0.75 -0.125
v -0.25 0.75 0.125
vt 0.3125 0.6875
vt 0.4375 0.6875
vt 0.4375 0.5
vt 0.3125 0.5
vt 0.25 0.6875
vt 0.3125 0.6875
vt 0.3125 0.5
vt 0.25 0.5
vt 0.5 0.6875
vt 0.625 0.6875
vt 0.625 0.5
vt 0.5 0.5
vt 0.4375 0.6875
vt 0.5 0.6875
vt 0.5 0.5
vt 0.4375 0.5
vt 0.4375 0.6875
vt 0.3125 0.6875
vt 0.3125 0.75
vt 0.4375 0.75
vt 0.5625 0.75
vt 0.4375 0.75
vt 0.4375 0.6875
vt 0.5625 0.6875
vn 0 0 -1
vn 1 0 0
vn 0 0 1
vn -1 0 0
vn 0 1 0
vn 0 -1 0
usemtl m_bf566169-8a01-5538-9f50-d35ffdc037fe
f 4/4/1 7/3/1 5/2/1 2/1/1
f 3/8/2 4/7/2 2/6/2 1/5/2
f 8/12/3 3/11/3 1/10/3 6/9/3
f 7/16/4 8/15/4 6/14/4 5/13/4
f 6/20/5 1/19/5 2/18/5 5/17/5
f 7/24/6 4/23/6 3/22/6 8/21/6
o jacket
v 0.28125 1.53125 0.15625
v 0.28125 1.53125 -0.15625
v 0.28125 0.71875 0.15625
v 0.28125 0.71875 -0.15625
v -0.28125 1.53125 -0.15625
v -0.28125 1.53125 0.15625
v -0.28125 0.71875 -0.15625
v -0.28125 0.71875 0.15625
vt 0.3125 0.4375
vt 0.4375 0.4375
vt 0.4375 0.25
vt 0.3125 0.25
vt 0.25 0.4375
vt 0.3125 0.4375
vt 0.3125 0.25
vt 0.25 0.25
vt 0.5 0.4375
vt 0.625 0.4375
vt 0.625 0.25
vt 0.5 0.25
vt 0.4375 0.4375
vt 0.5 0.4375
vt 0.5 0.25
vt 0.4375 0.25
vt 0.4375 0.4375
vt 0.3125 0.4375
vt 0.3125 0.5
vt 0.4375 0.5
vt 0.5625 0.5
vt 0.4375 0.5
vt 0.4375 0.4375
vt 0.5625 0.4375
vn 0 0 -1
vn 1 0 0
vn 0 0 1
vn -1 0 0
vn 0 1 0
vn 0 -1 0
usemtl m_bf566169-8a01-5538-9f50-d35ffdc037fe
f 12/28/7 15/27/7 13/26/7 10/25/7
f 11/32/8 12/31/8 10/30/8 9/29/8
f 16/36/9 11/35/9 9/34/9 14/33/9
f 15/40/10 16/39/10 14/38/10 13/37/10
f 14/44/11 9/43/11 10/42/11 13/41/11
f 15/48/12 12/47/12 11/46/12 16/45/12
o head
v 0.28125 2.03125 0.28125
v 0.28125 2.03125 -0.28125
v 0.28125 1.46875 0.28125
v 0.28125 1.46875 -0.28125
v -0.28125 2.03125 -0.28125
v -0.28125 2.03125 0.28125
v -0.28125 1.46875 -0.28125
v -0.28125 1.46875 0.28125
vt 0.125 0.875
vt 0.25 0.875
vt 0.25 0.75
vt 0.125 0.75
vt 0 0.875
vt 0.125 0.875
vt 0.125 0.75
vt 0 0.75
vt 0.375 0.875
vt 0.5 0.875
vt 0.5 0.75
vt 0.375 0.75
vt 0.25 0.875
vt 0.375 0.875
vt 0.375 0.75
vt 0.25 0.75
vt 0.25 0.875
vt 0.125 0.875
vt 0.125 1
vt 0.25 1
vt 0.375 1
vt 0.25 1
vt 0.25 0.875
vt 0.375 0.875
vn 0 0 -1
vn 1 0 0
vn 0 0 1
vn -1 0 0
vn 0 1 0
vn 0 -1 0
usemtl m_bf566169-8a01-5538-9f50-d35ffdc037fe
f 20/52/13 23/51/13 21/50/13 18/49/13
f 19/56/14 20/55/14 18/54/14 17/53/14
f 24/60/15 19/59/15 17/58/15 22/57/15
f 23/64/16 24/63/16 22/62/16 21/61/16
f 22/68/17 17/67/17 18/66/17 21/65/17
f 23/72/18 20/71/18 19/70/18 24/69/18
o hat
v 0.3125 2.0625 0.3125
v 0.3125 2.0625 -0.3125
v 0.3125 1.4375 0.3125
v 0.3125 1.4375 -0.3125
v -0.3125 2.0625 -0.3125
v -0.3125 2.0625 0.3125
v -0.3125 1.4375 -0.3125
v -0.3125 1.4375 0.3125
vt 0.625 0.875
vt 0.75 0.875
vt 0.75 0.75
vt 0.625 0.75
vt 0.5 0.875
vt 0.625 0.875
vt 0.625 0.75
vt 0.5 0.75
vt 0.875 0.875
vt 1 0.875
vt 1 0.75
vt 0.875 0.75
vt 0.75 0.875
vt 0.875 0.875
vt 0.875 0.75
vt 0.75 0.75
vt 0.75 0.875
vt 0.625 0.875
vt 0.625 1
vt 0.75 1
vt 0.875 1
vt 0.75 1
vt 0.75 0.875
vt 0.875 0.875
vn 0 0 -1
vn 1 0 0
vn 0 0 1
vn -1 0 0
vn 0 1 0
vn 0 -1 0
usemtl m_bf566169-8a01-5538-9f50-d35ffdc037fe
f 28/76/19 31/75/19 29/74/19 26/73/19
f 27/80/20 28/79/20 26/78/20 25/77/20
f 32/84/21 27/83/21 25/82/21 30/81/21
f 31/88/22 32/87/22 30/86/22 29/85/22
f 30/92/23 25/91/23 26/90/23 29/89/23
f 31/96/24 28/95/24 27/94/24 32/93/24
o rightArm
v 0.4375 1.5 0.125
v 0.4375 1.5 -0.125
v 0.4375 0.75 0.125
v 0.4375 0.75 -0.125
v 0.1875 1.5 -0.125
v 0.1875 1.5 0.125
v 0.1875 0.75 -0.125
v 0.1875 0.75 0.125
vt 0.0625 0.6875
vt 0.125 0.6875
vt 0.125 0.5
vt 0.0625 0.5
vt 0 0.6875
vt 0.0625 0.6875
vt 0.0625 0.5
vt 0 0.5
vt 0.1875 0.6875
vt 0.25 0.6875
vt 0.25 0.5
vt 0.1875 0.5
vt 0.125 0.6875
vt 0.1875 0.6875
vt 0.1875 0.5
vt 0.125 0.5
vt 0.125 0.6875
vt 0.0625 0.6875
vt 0.0625 0.75
vt 0.125 0.75
vt 0.1875 0.75
vt 0.125 0.75
vt 0.125 0.6875
vt 0.1875 0.6875
vn 0 0 -1
vn 1 0 0
vn 0 0 1
vn -1 0 0
vn 0 1 0
vn 0 -1 0
usemtl m_bf566169-8a01-5538-9f50-d35ffdc037fe
f 36/100/25 39/99/25 37/98/25 34/97/25
f 35/104/26 36/103/26 34/102/26 33/101/26
f 40/108/27 35/107/27 33/106/27 38/105/27
f 39/112/28 40/111/28 38/110/28 37/109/28
f 38/116/29 33/115/29 34/114/29 37/113/29
f 39/120/30 36/119/30 35/118/30 40/117/30
o rightSleeve
v 0.46875 1.2177524491505323 0.10592260187457925
v 0.46875 1.4949433345187264 -0.03837383976136888
v 0.46875 0.8425817008970671 -0.6147737000827259
v 0.46875 1.1197725862652614 -0.759070141718674
v 0.15625 1.4949433345187264 -0.03837383976136888
v 0.15625 1.2177524491505323 0.10592260187457925
v 0.15625 1.1197725862652614 -0.759070141718674
v 0.15625 0.8425817008970671 -0.6147737000827259
vt 0.8125 0.1875
vt 0.875 0.1875
vt 0.875 0
vt 0.8125 0
vt 0.75 0.1875
vt 0.8125 0.1875
vt 0.8125 0
vt 0.75 0
vt 0.9375 0.1875
vt 1 0.1875
vt 1 0
vt 0.9375 0
vt 0.875 0.1875
vt 0.9375 0.1875
vt 0.9375 0
vt 0.875 0
vt 0.875 0.1875
vt 0.8125 0.1875
vt 0.8125 0.25
vt 0.875 0.25
vt 0.9375 0.25
vt 0.875 0.25
vt 0.875 0.1875
vt 0.9375 0.1875
vn 0 0.8870108331782217 -0.4617486132350339
vn 1 0 0
vn 0 -0.8870108331782217 0.4617486132350339
vn -1 0 0
vn 0 0.4617486132350339 0.8870108331782217
vn 0 -0.4617486132350339 -0.8870108331782217
usemtl m_bf566169-8a01-5538-9f50-d35ffdc037fe
f 44/124/31 47/123/31 45/122/31 42/121/31
f 43/128/32 44/127/32 42/126/32 41/125/32
f 48/132/33 43/131/33 41/130/33 46/129/33
f 47/136/34 48/135/34 46/134/34 45/133/34
f 46/140/35 41/139/35 42/138/35 45/137/35
f 47/144/36 44/143/36 43/142/36 48/141/36
o rightSleeve
v -0.21875 1.2177524491505323 0.10592260187457925
v -0.21875 1.4949433345187264 -0.03837383976136888
v -0.21875 0.8425817008970671 -0.6147737000827259
v -0.21875 1.1197725862652614 -0.759070141718674
v -0.53125 1.4949433345187264 -0.03837383976136888
v -0.53125 1.2177524491505323 0.10592260187457925
v -0.53125 1.1197725862652614 -0.759070141718674
v -0.53125 0.8425817008970671 -0.6147737000827259
vt 0.8125 0.1875
vt 0.875 0.1875
vt 0.875 0
vt 0.8125 0
vt 0.75 0.1875
vt 0.8125 0.1875
vt 0.8125 0
vt 0.75 0
vt 0.9375 0.1875
vt 1 0.1875
vt 1 0
vt 0.9375 0
vt 0.875 0.1875
vt 0.9375 0.1875
vt 0.9375 0
vt 0.875 0
vt 0.875 0.1875
vt 0.8125 0.1875
vt 0.8125 0.25
vt 0.875 0.25
vt 0.9375 0.25
vt 0.875 0.25
vt 0.875 0.1875
vt 0.9375 0.1875
vn 0 0.8870108331782217 -0.4617486132350339
vn 1 0 0
vn 0 -0.8870108331782217 0.4617486132350339
vn -1 0 0
vn 0 0.4617486132350339 0.8870108331782217
vn 0 -0.4617486132350339 -0.8870108331782217
usemtl m_bf566169-8a01-5538-9f50-d35ffdc037fe
f 52/148/37 55/147/37 53/146/37 50/145/37
f 51/152/38 52/151/38 50/150/38 49/149/38
f 56/156/39 51/155/39 49/154/39 54/153/39
f 55/160/40 56/159/40 54/158/40 53/157/40
f 54/164/41 49/163/41 50/162/41 53/161/41
f 55/168/42 52/167/42 51/166/42 56/165/42
o rightPants
v 0.28125 0.8261847897104859 0.18097161241763904
v 0.28125 0.9973989416191886 -0.042159014539270845
v 0.28125 0.20637749260795846 -0.2946232539954239
v 0.28125 0.37759164451666116 -0.5177538809523339
v 0 0.9973989416191886 -0.042159014539270845
v 0 0.8261847897104859 0.18097161241763904
v 0 0.37759164451666116 -0.5177538809523339
v 0 0.20637749260795846 -0.2946232539954239
vt 0.0625 0.1875
vt 0.125 0.1875
vt 0.125 0
vt 0.0625 0
vt 0 0.1875
vt 0.0625 0.1875
vt 0.0625 0
vt 0 0
vt 0.1875 0.1875
vt 0.25 0.1875
vt 0.25 0
vt 0.1875 0
vt 0.125 0.1875
vt 0.1875 0.1875
vt 0.1875 0
vt 0.125 0
vt 0.125 0.1875
vt 0.0625 0.1875
vt 0.0625 0.25
vt 0.125 0.25
vt 0.1875 0.25
vt 0.125 0.25
vt 0.125 0.1875
vt 0.1875 0.1875
vn 0 0.6087614290087207 -0.7933533402912352
vn 1 0 0
vn 0 -0.6087614290087207 0.7933533402912352
vn -1 0 0
vn 0 0.7933533402912352 0.6087614290087207
vn 0 -0.7933533402912352 -0.6087614290087207
usemtl m_bf566169-8a01-5538-9f50-d35ffdc037fe
f 60/172/43 63/171/43 61/170/43 58/169/43
f 59/176/44 60/175/44 58/174/44 57/173/44
f 64/180/45 59/179/45 57/178/45 62/177/45
f 63/184/46 64/183/46 62/182/46 61/181/46
f 62/188/47 57/187/47 58/186/47 61/185/47
f 63/192/48 60/191/48 59/190/48 64/189/48
o rightLeg
v 0.25312500000000004 0.8233005410966967 0.15906356914732722
v 0.25312500000000004 0.9754908983488768 -0.03927476592548146
v 0.25312500000000004 0.22828553587827027 -0.2975075026092132
v 0.25312500000000004 0.3804758931304504 -0.49584583768202195
v 0.0031250000000000444 0.9754908983488768 -0.03927476592548146
v 0.0031250000000000444 0.8233005410966967 0.15906356914732722
v 0.0031250000000000444 0.3804758931304504 -0.49584583768202195
v 0.0031250000000000444 0.22828553587827027 -0.2975075026092132
vt 0.3125 0.1875
vt 0.375 0.1875
vt 0.375 0
vt 0.3125 0
vt 0.25 0.1875
vt 0.3125 0.1875
vt 0.3125 0
vt 0.25 0
vt 0.4375 0.1875
vt 0.5 0.1875
vt 0.5 0
vt 0.4375 0
vt 0.375 0.1875
vt 0.4375 0.1875
vt 0.4375 0
vt 0.375 0
vt 0.375 0.1875
vt 0.3125 0.1875
vt 0.3125 0.25
vt 0.375 0.25
vt 0.4375 0.25
vt 0.375 0.25
vt 0.375 0.1875
vt 0.4375 0.1875
vn 0 0.6087614290087207 -0.7933533402912352
vn 1 0 0
vn 0 -0.6087614290087207 0.7933533402912352
vn -1 0 0
vn 0 0.7933533402912352 0.6087614290087207
vn 0 -0.7933533402912352 -0.6087614290087207
usemtl m_bf566169-8a01-5538-9f50-d35ffdc037fe
f 68/196/49 71/195/49 69/194/49 66/193/49
f 67/200/50 68/199/50 66/198/50 65/197/50
f 72/204/51 67/203/51 65/202/51 70/201/51
f 71/208/52 72/207/52 70/206/52 69/205/52
f 70/212/53 65/211/53 66/210/53 69/209/53
f 71/216/54 68/215/54 67/214/54 72/213/54
o leftPants
v 0.023070074668703144 0.9456875168979355 0.012744539544336297
v 0.03121738413857489 0.8140760318994182 -0.23567768342471918
v 0.04783051298434726 0.2560190934654871 0.378935676677143
v 0.055977822454219006 0.12440760846696963 0.13051345370808765
v -0.24977323629278153 0.8023838518707389 -0.2386987189720684
v -0.2579205457626532 0.9339953368692564 0.009723503996987182
v -0.22501279797713747 0.11271542843829041 0.12749241816073842
v -0.2331601074470091 0.2443269134368079 0.3759146411297939
vt 0.125 0.4375
vt 0.0625 0.4375
vt 0.0625 0.25
vt 0.125 0.25
vt 0.1875 0.4375
vt 0.125 0.4375
vt 0.125 0.25
vt 0.1875 0.25
vt 0.25 0.4375
vt 0.1875 0.4375
vt 0.1875 0.25
vt 0.25 0.25
vt 0.0625 0.4375
vt 0 0.4375
vt 0 0.25
vt 0.0625 0.25
vt 0.0625 0.4375
vt 0.125 0.4375
vt 0.125 0.5
vt 0.0625 0.5
vt 0.125 0.5
vt 0.1875 0.5
vt 0.1875 0.4375
vt 0.125 0.4375
vn 0.02896821144843265 -0.4679519466613955 -0.8832790150010864
vn 0.9990777615337116 0.04157219565752629 0.01074145972390822
vn -0.02896821144843265 0.4679519466613955 0.8832790150010864
vn -0.9990777615337116 -0.04157219565752629 -0.01074145972390822
vn -0.03169336104402443 0.882775581993534 -0.4687246555299927
vn 0.03169336104402443 -0.882775581993534 0.4687246555299927
usemtl m_bf566169-8a01-5538-9f50-d35ffdc037fe
f 76/220/55 79/219/55 77/218/55 74/217/55
f 75/224/56 76/223/56 74/222/56 73/221/56
f 80/228/57 75/227/57 73/226/57 78/225/57
f 79/232/58 80/231/58 78/230/58 77/229/58
f 78/236/59 73/235/59 74/234/59 77/233/59
f 79/240/60 76/239/60 75/238/60 80/237/60
o leftLeg
v 0.059374999999999956 0.9212705664788341 0.053132319164216124
v 0.059374999999999956 0.8156160010436593 -0.1734446275949464
v 0.059374999999999956 0.24153972620134667 0.3700960154697406
v 0.059374999999999956 0.13588516076617174 0.14351906871057818
v -0.19062500000000004 0.8156160010436593 -0.1734446275949464
v -0.19062500000000004 0.9212705664788341 0.053132319164216124
v -0.19062500000000004 0.13588516076617174 0.14351906871057818
v -0.19062500000000004 0.24153972620134667 0.3700960154697406
vt 0.625 0.1875
vt 0.5625 0.1875
vt 0.5625 0
vt 0.625 0
vt 0.6875 0.1875
vt 0.625 0.1875
vt 0.625 0
vt 0.6875 0
vt 0.75 0.1875
vt 0.6875 0.1875
vt 0.6875 0
vt 0.75 0
vt 0.5625 0.1875
vt 0.5 0.1875
vt 0.5 0
vt 0.5625 0
vt 0.5625 0.1875
vt 0.625 0.1875
vt 0.625 0.25
vt 0.5625 0.25
vt 0.625 0.25
vt 0.6875 0.25
vt 0.6875 0.1875
vt 0.625 0.1875
vn 0 -0.42261826174069944 -0.9063077870366499
vn 1 0 0
vn 0 0.42261826174069944 0.9063077870366499
vn -1 0 0
vn 0 0.9063077870366499 -0.42261826174069944
vn 0 -0.9063077870366499 0.42261826174069944
usemtl m_bf566169-8a01-5538-9f50-d35ffdc037fe
f 84/244/61 87/243/61 85/242/61 82/241/61
f 83/248/62 84/247/62 82/246/62 81/245/62
f 88/252/63 83/251/63 81/250/63 86/249/63
f 87/256/64 88/255/64 86/254/64 85/253/64
f 86/260/65 81/259/65 82/258/65 85/257/65
f 87/264/66 84/263/66 83/262/66 88/261/66